{
 "cells": [
  {
   "cell_type": "code",
   "execution_count": 1,
   "metadata": {
    "collapsed": false
   },
   "outputs": [
    {
     "data": {
      "application/javascript": [
       "if(window['d3'] === undefined ||\n",
       "   window['Nyaplot'] === undefined){\n",
       "    var path = {\"d3\":\"https://cdnjs.cloudflare.com/ajax/libs/d3/3.5.5/d3.min\",\"downloadable\":\"http://cdn.rawgit.com/domitry/d3-downloadable/master/d3-downloadable\"};\n",
       "\n",
       "\n",
       "\n",
       "    var shim = {\"d3\":{\"exports\":\"d3\"},\"downloadable\":{\"exports\":\"downloadable\"}};\n",
       "\n",
       "    require.config({paths: path, shim:shim});\n",
       "\n",
       "\n",
       "require(['d3'], function(d3){window['d3']=d3;console.log('finished loading d3');require(['downloadable'], function(downloadable){window['downloadable']=downloadable;console.log('finished loading downloadable');\n",
       "\n",
       "\tvar script = d3.select(\"head\")\n",
       "\t    .append(\"script\")\n",
       "\t    .attr(\"src\", \"http://cdn.rawgit.com/domitry/Nyaplotjs/master/release/nyaplot.js\")\n",
       "\t    .attr(\"async\", true);\n",
       "\n",
       "\tscript[0][0].onload = script[0][0].onreadystatechange = function(){\n",
       "\n",
       "\n",
       "\t    var event = document.createEvent(\"HTMLEvents\");\n",
       "\t    event.initEvent(\"load_nyaplot\",false,false);\n",
       "\t    window.dispatchEvent(event);\n",
       "\t    console.log('Finished loading Nyaplotjs');\n",
       "\n",
       "\t};\n",
       "\n",
       "\n",
       "});});\n",
       "}\n"
      ],
      "text/plain": [
       "\"if(window['d3'] === undefined ||\\n   window['Nyaplot'] === undefined){\\n    var path = {\\\"d3\\\":\\\"https://cdnjs.cloudflare.com/ajax/libs/d3/3.5.5/d3.min\\\",\\\"downloadable\\\":\\\"http://cdn.rawgit.com/domitry/d3-downloadable/master/d3-downloadable\\\"};\\n\\n\\n\\n    var shim = {\\\"d3\\\":{\\\"exports\\\":\\\"d3\\\"},\\\"downloadable\\\":{\\\"exports\\\":\\\"downloadable\\\"}};\\n\\n    require.config({paths: path, shim:shim});\\n\\n\\nrequire(['d3'], function(d3){window['d3']=d3;console.log('finished loading d3');require(['downloadable'], function(downloadable){window['downloadable']=downloadable;console.log('finished loading downloadable');\\n\\n\\tvar script = d3.select(\\\"head\\\")\\n\\t    .append(\\\"script\\\")\\n\\t    .attr(\\\"src\\\", \\\"http://cdn.rawgit.com/domitry/Nyaplotjs/master/release/nyaplot.js\\\")\\n\\t    .attr(\\\"async\\\", true);\\n\\n\\tscript[0][0].onload = script[0][0].onreadystatechange = function(){\\n\\n\\n\\t    var event = document.createEvent(\\\"HTMLEvents\\\");\\n\\t    event.initEvent(\\\"load_nyaplot\\\",false,false);\\n\\t    window.dispatchEvent(event);\\n\\t    console.log('Finished loading Nyaplotjs');\\n\\n\\t};\\n\\n\\n});});\\n}\\n\""
      ]
     },
     "metadata": {},
     "output_type": "display_data"
    },
    {
     "data": {
      "application/javascript": [
       "if(window['d3'] === undefined ||\n",
       "   window['Nyaplot'] === undefined){\n",
       "    var path = {\"d3\":\"https://cdnjs.cloudflare.com/ajax/libs/d3/3.5.5/d3.min\",\"downloadable\":\"http://cdn.rawgit.com/domitry/d3-downloadable/master/d3-downloadable\",\"THREE\":\"http://cdnjs.cloudflare.com/ajax/libs/three.js/r66/three.min\",\"Elegans\":\"https://cdn.rawgit.com/domitry/elegans/d81a728f62edaeeb67261516a272438fb39fa80a/release/elegans\"};\n",
       "\n",
       "\n",
       "\n",
       "    var shim = {\"d3\":{\"exports\":\"d3\"},\"downloadable\":{\"exports\":\"downloadable\"},\"THREE\":{\"exports\":\"THREE\"},\"Elegans\":{\"exports\":\"Elegans\"}};\n",
       "\n",
       "    require.config({paths: path, shim:shim});\n",
       "\n",
       "\n",
       "require(['d3'], function(d3){window['d3']=d3;console.log('finished loading d3');require(['downloadable'], function(downloadable){window['downloadable']=downloadable;console.log('finished loading downloadable');require(['THREE'], function(THREE){window['THREE']=THREE;console.log('finished loading THREE');require(['Elegans'], function(Elegans){window['Elegans']=Elegans;console.log('finished loading Elegans');\n",
       "\n",
       "\tvar script = d3.select(\"head\")\n",
       "\t    .append(\"script\")\n",
       "\t    .attr(\"src\", \"http://cdn.rawgit.com/domitry/Nyaplotjs/master/release/nyaplot.js\")\n",
       "\t    .attr(\"async\", true);\n",
       "\n",
       "\tscript[0][0].onload = script[0][0].onreadystatechange = function(){\n",
       "\n",
       "\n",
       "\t    var event = document.createEvent(\"HTMLEvents\");\n",
       "\t    event.initEvent(\"load_nyaplot\",false,false);\n",
       "\t    window.dispatchEvent(event);\n",
       "\t    console.log('Finished loading Nyaplotjs');\n",
       "\n",
       "\t};\n",
       "\n",
       "\n",
       "});});});});\n",
       "}\n"
      ],
      "text/plain": [
       "\"if(window['d3'] === undefined ||\\n   window['Nyaplot'] === undefined){\\n    var path = {\\\"d3\\\":\\\"https://cdnjs.cloudflare.com/ajax/libs/d3/3.5.5/d3.min\\\",\\\"downloadable\\\":\\\"http://cdn.rawgit.com/domitry/d3-downloadable/master/d3-downloadable\\\",\\\"THREE\\\":\\\"http://cdnjs.cloudflare.com/ajax/libs/three.js/r66/three.min\\\",\\\"Elegans\\\":\\\"https://cdn.rawgit.com/domitry/elegans/d81a728f62edaeeb67261516a272438fb39fa80a/release/elegans\\\"};\\n\\n\\n\\n    var shim = {\\\"d3\\\":{\\\"exports\\\":\\\"d3\\\"},\\\"downloadable\\\":{\\\"exports\\\":\\\"downloadable\\\"},\\\"THREE\\\":{\\\"exports\\\":\\\"THREE\\\"},\\\"Elegans\\\":{\\\"exports\\\":\\\"Elegans\\\"}};\\n\\n    require.config({paths: path, shim:shim});\\n\\n\\nrequire(['d3'], function(d3){window['d3']=d3;console.log('finished loading d3');require(['downloadable'], function(downloadable){window['downloadable']=downloadable;console.log('finished loading downloadable');require(['THREE'], function(THREE){window['THREE']=THREE;console.log('finished loading THREE');require(['Elegans'], function(Elegans){window['Elegans']=Elegans;console.log('finished loading Elegans');\\n\\n\\tvar script = d3.select(\\\"head\\\")\\n\\t    .append(\\\"script\\\")\\n\\t    .attr(\\\"src\\\", \\\"http://cdn.rawgit.com/domitry/Nyaplotjs/master/release/nyaplot.js\\\")\\n\\t    .attr(\\\"async\\\", true);\\n\\n\\tscript[0][0].onload = script[0][0].onreadystatechange = function(){\\n\\n\\n\\t    var event = document.createEvent(\\\"HTMLEvents\\\");\\n\\t    event.initEvent(\\\"load_nyaplot\\\",false,false);\\n\\t    window.dispatchEvent(event);\\n\\t    console.log('Finished loading Nyaplotjs');\\n\\n\\t};\\n\\n\\n});});});});\\n}\\n\""
      ]
     },
     "metadata": {},
     "output_type": "display_data"
    },
    {
     "data": {
      "text/plain": [
       "true"
      ]
     },
     "execution_count": 1,
     "metadata": {},
     "output_type": "execute_result"
    }
   ],
   "source": [
    "require \"nyaplot\"\n",
    "require \"nyaplot3d\"\n",
    "require \"json\"\n",
    "require \"daru\"\n",
    "require \"statsample\""
   ]
  },
  {
   "cell_type": "code",
   "execution_count": 2,
   "metadata": {
    "collapsed": false
   },
   "outputs": [
    {
     "data": {
      "text/plain": [
       "{\"32\"=>:ambient_temp, \"96\"=>:systemboard_temp, \"160\"=>:cpu1_temp, \"224\"=>:cpu2_temp, \"288\"=>:dimm_1a_temp, \"1824\"=>:main_12v, \"1888\"=>:main_5v, \"1952\"=>:main_3_3v, \"2272\"=>:cpu1_1_8v, \"2336\"=>:cpu2_1_8v, \"2400\"=>:fan1_sys, \"2464\"=>:fan2_sys, \"2528\"=>:fan3_sys, \"2592\"=>:fan4_sys, \"2656\"=>:fan5_sys, \"3296\"=>:total_power}"
      ]
     },
     "execution_count": 2,
     "metadata": {},
     "output_type": "execute_result"
    }
   ],
   "source": [
    "sensor_names = {\n",
    "  \"32\" => :ambient_temp,\n",
    "  \"96\" => :systemboard_temp,\n",
    "  \"160\" => :cpu1_temp,\n",
    "  \"224\" => :cpu2_temp,\n",
    "  \"288\" => :dimm_1a_temp,\n",
    "  \"1824\" => :main_12v,\n",
    "  \"1888\" => :main_5v,\n",
    "  \"1952\" => :main_3_3v,\n",
    "  \"2272\" => :cpu1_1_8v,\n",
    "  \"2336\" => :cpu2_1_8v,\n",
    "  \"2400\" => :fan1_sys,\n",
    "  \"2464\" => :fan2_sys,\n",
    "  \"2528\" => :fan3_sys,\n",
    "  \"2592\" => :fan4_sys,\n",
    "  \"2656\" => :fan5_sys,\n",
    "  \"3296\" => :total_power\n",
    "}"
   ]
  },
  {
   "cell_type": "code",
   "execution_count": 3,
   "metadata": {
    "collapsed": false
   },
   "outputs": [
    {
     "data": {
      "text/html": [
       "<table><tr><th colspan=\"18\">Daru::DataFrame:70139470564160  rows: 336  cols: 17<tr><th></th><th>time</th><th>ambient_temp</th><th>systemboard_temp</th><th>cpu1_temp</th><th>cpu2_temp</th><th>dimm_1a_temp</th><th>main_12v</th><th>main_5v</th><th>main_3_3v</th><th>cpu1_1_8v</th><th>cpu2_1_8v</th><th>fan1_sys</th><th>fan2_sys</th><th>fan3_sys</th><th>fan4_sys</th><th>fan5_sys</th><th>total_power</th></tr><tr><td>0</td><td>16839.333333333332</td><td>18.887500000000045</td><td>23.025000000000034</td><td>32.200000000000045</td><td>32.700000000000045</td><td>22.0</td><td>12.0</td><td>5.13</td><td>3.4</td><td>1.7845</td><td>1.78</td><td>6102.0</td><td>6153.0</td><td>5775.0</td><td>6120.0</td><td>6006.0</td><td>92.15</td></tr><tr><td>1</td><td>16839.354166666668</td><td>18.574074074074133</td><td>23.0</td><td>32.08641975308643</td><td>32.382716049382736</td><td>22.0</td><td>12.0</td><td>5.13</td><td>3.4</td><td>1.7858024691358025</td><td>1.78</td><td>6099.259259259259</td><td>6154.074074074074</td><td>5783.7037037037035</td><td>6120.0</td><td>6004.444444444444</td><td>92.0</td></tr><tr><td>2</td><td>16839.375</td><td>18.128048780487802</td><td>22.341463414634177</td><td>31.280487804878078</td><td>32.21951219512198</td><td>21.024390243902474</td><td>12.0</td><td>5.13</td><td>3.4</td><td>1.7860975609756096</td><td>1.78</td><td>6103.90243902439</td><td>6130.243902439024</td><td>5777.5609756097565</td><td>6120.0</td><td>6007.317073170731</td><td>92.09756097560975</td></tr><tr><td>3</td><td>16839.395833333332</td><td>17.780487804878078</td><td>22.0</td><td>30.81707317073176</td><td>31.890243902439067</td><td>21.0</td><td>12.0</td><td>5.13</td><td>3.4</td><td>1.7870731707317074</td><td>1.78</td><td>6095.121951219512</td><td>6140.487804878048</td><td>5786.341463414635</td><td>6120.0</td><td>6004.39024390244</td><td>92.14634146341463</td></tr><tr><td>4</td><td>16839.416666666668</td><td>17.481250000000045</td><td>21.98750000000001</td><td>30.61250000000001</td><td>31.4375</td><td>20.61250000000001</td><td>12.0</td><td>5.13</td><td>3.4</td><td>1.785875</td><td>1.78</td><td>6111.0</td><td>6154.5</td><td>5778.0</td><td>6120.0</td><td>6003.0</td><td>93.35</td></tr><tr><td>5</td><td>16839.4375</td><td>17.419753086419803</td><td>21.51851851851859</td><td>30.62962962962962</td><td>31.407407407407447</td><td>20.0</td><td>12.0</td><td>5.13</td><td>3.4</td><td>1.7883950617283952</td><td>1.78</td><td>6102.222222222222</td><td>6134.814814814815</td><td>5779.259259259259</td><td>6120.0</td><td>6000.0</td><td>94.51851851851852</td></tr><tr><td>6</td><td>16839.458333333332</td><td>17.256250000000023</td><td>21.11250000000001</td><td>30.275000000000034</td><td>31.150000000000034</td><td>20.0</td><td>12.0</td><td>5.13</td><td>3.4</td><td>1.788375</td><td>1.78</td><td>6102.0</td><td>6124.5</td><td>5779.5</td><td>6120.0</td><td>6003.0</td><td>92.0</td></tr><tr><td>7</td><td>16839.479166666668</td><td>16.925925925925924</td><td>21.0</td><td>30.074074074074133</td><td>31.160493827160508</td><td>20.0</td><td>12.0</td><td>5.13</td><td>3.4</td><td>1.7874074074074073</td><td>1.78</td><td>6105.185185185185</td><td>6122.962962962963</td><td>5785.185185185185</td><td>6120.0</td><td>6013.333333333333</td><td>92.04938271604938</td></tr><tr><td>8</td><td>16839.5</td><td>16.89634146341467</td><td>21.0</td><td>30.0609756097561</td><td>31.012195121951265</td><td>20.0</td><td>12.0</td><td>5.13</td><td>3.4</td><td>1.788048780487805</td><td>1.78</td><td>6105.365853658536</td><td>6133.170731707317</td><td>5805.365853658536</td><td>6120.0</td><td>6005.8536585365855</td><td>92.04878048780488</td></tr><tr><td>9</td><td>16839.520833333332</td><td>16.432926829268297</td><td>20.81707317073176</td><td>30.012195121951265</td><td>30.756097560975604</td><td>19.439024390243958</td><td>12.0</td><td>5.13</td><td>3.4</td><td>1.788780487804878</td><td>1.78</td><td>6106.829268292683</td><td>6137.5609756097565</td><td>5768.780487804878</td><td>6120.0</td><td>6002.926829268293</td><td>92.04878048780488</td></tr><tr><td>10</td><td>16839.541666666668</td><td>15.918750000000045</td><td>20.012500000000045</td><td>30.0</td><td>30.462500000000034</td><td>19.0</td><td>12.0</td><td>5.13</td><td>3.4</td><td>1.788625</td><td>1.78</td><td>6108.0</td><td>6127.5</td><td>5784.0</td><td>6120.0</td><td>6010.5</td><td>92.05</td></tr><tr><td>11</td><td>16839.5625</td><td>15.875</td><td>20.0</td><td>30.0</td><td>30.273809523809575</td><td>19.0</td><td>12.0</td><td>5.13</td><td>3.4</td><td>1.7888095238095238</td><td>1.78</td><td>6104.285714285715</td><td>6134.285714285715</td><td>5774.285714285715</td><td>6120.0</td><td>6007.142857142857</td><td>92.0</td></tr><tr><td>12</td><td>16839.583333333332</td><td>16.30120481927713</td><td>20.25301204819283</td><td>30.0</td><td>30.602409638554207</td><td>19.0</td><td>12.0</td><td>5.13</td><td>3.4</td><td>1.7886746987951807</td><td>1.78</td><td>6105.542168674699</td><td>6128.674698795181</td><td>5780.240963855422</td><td>6120.0</td><td>6010.120481927711</td><td>92.0</td></tr><tr><td>13</td><td>16839.604166666668</td><td>16.40361445783134</td><td>20.98795180722891</td><td>30.0</td><td>30.951807228915698</td><td>19.445783132530153</td><td>12.0</td><td>5.13</td><td>3.4</td><td>1.787710843373494</td><td>1.78</td><td>6099.759036144578</td><td>6128.674698795181</td><td>5773.0120481927715</td><td>6120.0</td><td>6001.44578313253</td><td>92.04819277108433</td></tr><tr><td>14</td><td>16839.625</td><td>16.34756097560978</td><td>20.463414634146318</td><td>30.012195121951265</td><td>30.475609756097583</td><td>19.0</td><td>12.0</td><td>5.13</td><td>3.4</td><td>1.7890243902439025</td><td>1.78</td><td>6102.4390243902435</td><td>6130.243902439024</td><td>5787.804878048781</td><td>6120.0</td><td>6005.8536585365855</td><td>92.04878048780488</td></tr><tr><td>15</td><td>16839.645833333332</td><td>16.07926829268297</td><td>20.012195121951265</td><td>30.0</td><td>30.14634146341467</td><td>19.0</td><td>12.0</td><td>5.13</td><td>3.4</td><td>1.7885365853658537</td><td>1.78</td><td>6111.219512195122</td><td>6125.8536585365855</td><td>5776.09756097561</td><td>6120.0</td><td>6013.170731707317</td><td>92.04878048780488</td></tr><tr><td>16</td><td>16839.666666666668</td><td>16.271084337349407</td><td>20.289156626506042</td><td>30.0</td><td>30.289156626506042</td><td>19.0</td><td>12.0</td><td>5.13</td><td>3.4</td><td>1.788313253012048</td><td>1.78</td><td>6104.096385542169</td><td>6134.457831325301</td><td>5801.9277108433735</td><td>6120.0</td><td>6005.78313253012</td><td>92.0</td></tr><tr><td>17</td><td>16839.6875</td><td>16.4375</td><td>21.0</td><td>30.0</td><td>30.450000000000045</td><td>19.600000000000023</td><td>12.0</td><td>5.13</td><td>3.4</td><td>1.78875</td><td>1.78</td><td>6111.0</td><td>6121.5</td><td>5773.5</td><td>6120.0</td><td>6006.0</td><td>92.1</td></tr><tr><td>18</td><td>16839.708333333332</td><td>16.65822784810132</td><td>21.0</td><td>30.07594936708864</td><td>30.5696202531646</td><td>20.0</td><td>12.0</td><td>5.13</td><td>3.4</td><td>1.7881012658227848</td><td>1.78</td><td>6100.2531645569625</td><td>6127.594936708861</td><td>5784.303797468354</td><td>6120.0</td><td>6007.594936708861</td><td>92.0506329113924</td></tr><tr><td>19</td><td>16839.729166666668</td><td>17.03797468354435</td><td>21.177215189873436</td><td>30.49367088607596</td><td>30.96202531645571</td><td>20.0</td><td>12.0</td><td>5.13</td><td>3.4</td><td>1.7877215189873419</td><td>1.78</td><td>6095.696202531646</td><td>6123.037974683544</td><td>5772.151898734178</td><td>6120.0</td><td>6006.0759493670885</td><td>92.0506329113924</td></tr><tr><td>20</td><td>16839.75</td><td>17.396103896103966</td><td>21.97402597402595</td><td>30.64935064935071</td><td>31.3766233766234</td><td>20.10389610389609</td><td>12.0</td><td>5.13</td><td>3.4</td><td>1.7884415584415585</td><td>1.78</td><td>6101.298701298701</td><td>6121.558441558441</td><td>5777.142857142857</td><td>6120.0</td><td>6007.792207792208</td><td>92.05194805194806</td></tr><tr><td>21</td><td>16839.770833333332</td><td>17.726666666666688</td><td>22.0</td><td>30.840000000000032</td><td>31.73333333333335</td><td>21.0</td><td>12.0</td><td>5.13</td><td>3.4</td><td>1.7873333333333332</td><td>1.78</td><td>6104.0</td><td>6132.8</td><td>5779.2</td><td>6120.0</td><td>6004.8</td><td>92.05333333333333</td></tr><tr><td>22</td><td>16839.791666666668</td><td>17.835526315789537</td><td>22.0</td><td>31.56578947368422</td><td>31.90789473684208</td><td>21.0</td><td>12.0</td><td>5.13</td><td>3.4</td><td>1.7871052631578948</td><td>1.78</td><td>6104.21052631579</td><td>6146.8421052631575</td><td>5769.473684210527</td><td>6120.0</td><td>6003.1578947368425</td><td>92.0</td></tr><tr><td>23</td><td>16839.8125</td><td>18.340000000000032</td><td>22.53333333333336</td><td>31.80000000000001</td><td>32.160000000000025</td><td>21.24000000000001</td><td>12.0</td><td>5.13</td><td>3.4</td><td>1.7864</td><td>1.78</td><td>6099.2</td><td>6212.8</td><td>5776.0</td><td>6120.0</td><td>6006.4</td><td>92.0</td></tr><tr><td>24</td><td>16839.833333333332</td><td>19.30000000000001</td><td>23.45333333333332</td><td>32.85333333333335</td><td>32.86666666666673</td><td>22.25333333333333</td><td>12.0</td><td>5.13</td><td>3.4</td><td>1.7854666666666668</td><td>1.78</td><td>6113.6</td><td>6153.6</td><td>5784.0</td><td>6120.0</td><td>6004.8</td><td>92.0</td></tr><tr><td>25</td><td>16839.854166666668</td><td>19.886666666666713</td><td>24.0</td><td>33.38666666666671</td><td>33.49333333333334</td><td>23.0</td><td>12.0</td><td>5.13</td><td>3.4</td><td>1.7835999999999999</td><td>1.78</td><td>6088.0</td><td>6150.4</td><td>5782.4</td><td>6120.0</td><td>6003.2</td><td>92.05333333333333</td></tr><tr><td>26</td><td>16839.875</td><td>20.16438356164383</td><td>24.72602739726034</td><td>33.9315068493151</td><td>33.8630136986302</td><td>23.013698630136957</td><td>12.0</td><td>5.13</td><td>3.4</td><td>1.7826027397260276</td><td>1.78</td><td>6092.054794520548</td><td>6124.931506849315</td><td>5783.013698630138</td><td>6120.0</td><td>6000.0</td><td>92.16438356164383</td></tr><tr><td>27</td><td>16839.895833333332</td><td>20.260000000000048</td><td>24.986666666666736</td><td>33.52000000000004</td><td>33.986666666666736</td><td>23.0</td><td>12.0</td><td>5.13</td><td>3.4</td><td>1.7828</td><td>1.78</td><td>6099.2</td><td>6129.6</td><td>5784.0</td><td>6120.0</td><td>6003.2</td><td>92.0</td></tr><tr><td>28</td><td>16839.916666666668</td><td>20.313333333333333</td><td>25.0</td><td>33.666666666666686</td><td>33.986666666666736</td><td>23.426666666666733</td><td>12.0</td><td>5.13</td><td>3.4</td><td>1.7826666666666668</td><td>1.78</td><td>6099.2</td><td>6198.4</td><td>5776.0</td><td>6120.0</td><td>6003.2</td><td>92.10666666666667</td></tr><tr><td>29</td><td>16839.9375</td><td>20.24000000000001</td><td>24.946666666666715</td><td>33.45333333333332</td><td>33.78666666666669</td><td>23.0266666666667</td><td>12.0</td><td>5.13</td><td>3.4</td><td>1.7821333333333333</td><td>1.78</td><td>6092.8</td><td>6184.0</td><td>5776.0</td><td>6120.0</td><td>6004.8</td><td>92.05333333333333</td></tr><tr><td>30</td><td>16839.958333333332</td><td>19.756756756756772</td><td>24.02702702702709</td><td>33.148648648648646</td><td>33.43243243243245</td><td>23.0</td><td>12.0</td><td>5.13</td><td>3.4</td><td>1.7836486486486487</td><td>1.78</td><td>6103.783783783784</td><td>6207.5675675675675</td><td>5774.594594594595</td><td>6120.0</td><td>6004.864864864865</td><td>95.13513513513513</td></tr><tr><td>31</td><td>16839.979166666668</td><td>19.85526315789474</td><td>24.0</td><td>32.776315789473756</td><td>33.14473684210532</td><td>23.0</td><td>12.0</td><td>5.13</td><td>3.4</td><td>1.7842105263157895</td><td>1.78</td><td>6104.21052631579</td><td>6165.78947368421</td><td>5790.0</td><td>6120.0</td><td>6001.578947368421</td><td>93.42105263157895</td></tr><tr><td>...</td><td>...</td><td>...</td><td>...</td><td>...</td><td>...</td><td>...</td><td>...</td><td>...</td><td>...</td><td>...</td><td>...</td><td>...</td><td>...</td><td>...</td><td>...</td><td>...</td><td>...</td></tr><tr><td>335</td><td>16846.3125</td><td>20.0</td><td>24.681818181818187</td><td>33.75</td><td>33.72727272727275</td><td>23.0</td><td>12.0</td><td>5.13</td><td>3.4</td><td>1.7838636363636362</td><td>1.78</td><td>6106.363636363637</td><td>6237.272727272728</td><td>5779.090909090909</td><td>6120.0</td><td>6005.454545454546</td><td>92.0</td></tr></table>"
      ],
      "text/plain": [
       "\n",
       "#<Daru::DataFrame:70139470564160 @name = 9ca2e756-a231-4e5d-b3db-384882ffdc29 @size = 336>\n",
       "                 time ambient_te systemboar  cpu1_temp  cpu2_temp dimm_1a_te   main_12v    main_5v  main_3_3v  cpu1_1_8v  cpu2_1_8v   fan1_sys   fan2_sys   fan3_sys   fan4_sys   fan5_sys total_powe \n",
       "         0 16839.3333 18.8875000 23.0250000 32.2000000 32.7000000       22.0       12.0       5.13        3.4     1.7845       1.78     6102.0     6153.0     5775.0     6120.0     6006.0      92.15 \n",
       "         1 16839.3541 18.5740740       23.0 32.0864197 32.3827160       22.0       12.0       5.13        3.4 1.78580246       1.78 6099.25925 6154.07407 5783.70370     6120.0 6004.44444       92.0 \n",
       "         2  16839.375 18.1280487 22.3414634 31.2804878 32.2195121 21.0243902       12.0       5.13        3.4 1.78609756       1.78 6103.90243 6130.24390 5777.56097     6120.0 6007.31707 92.0975609 \n",
       "         3 16839.3958 17.7804878       22.0 30.8170731 31.8902439       21.0       12.0       5.13        3.4 1.78707317       1.78 6095.12195 6140.48780 5786.34146     6120.0 6004.39024 92.1463414 \n",
       "         4 16839.4166 17.4812500 21.9875000 30.6125000    31.4375 20.6125000       12.0       5.13        3.4   1.785875       1.78     6111.0     6154.5     5778.0     6120.0     6003.0      93.35 \n",
       "         5 16839.4375 17.4197530 21.5185185 30.6296296 31.4074074       20.0       12.0       5.13        3.4 1.78839506       1.78 6102.22222 6134.81481 5779.25925     6120.0     6000.0 94.5185185 \n",
       "         6 16839.4583 17.2562500 21.1125000 30.2750000 31.1500000       20.0       12.0       5.13        3.4   1.788375       1.78     6102.0     6124.5     5779.5     6120.0     6003.0       92.0 \n",
       "         7 16839.4791 16.9259259       21.0 30.0740740 31.1604938       20.0       12.0       5.13        3.4 1.78740740       1.78 6105.18518 6122.96296 5785.18518     6120.0 6013.33333 92.0493827 \n",
       "         8    16839.5 16.8963414       21.0 30.0609756 31.0121951       20.0       12.0       5.13        3.4 1.78804878       1.78 6105.36585 6133.17073 5805.36585     6120.0 6005.85365 92.0487804 \n",
       "         9 16839.5208 16.4329268 20.8170731 30.0121951 30.7560975 19.4390243       12.0       5.13        3.4 1.78878048       1.78 6106.82926 6137.56097 5768.78048     6120.0 6002.92682 92.0487804 \n",
       "        10 16839.5416 15.9187500 20.0125000       30.0 30.4625000       19.0       12.0       5.13        3.4   1.788625       1.78     6108.0     6127.5     5784.0     6120.0     6010.5      92.05 \n",
       "        11 16839.5625     15.875       20.0       30.0 30.2738095       19.0       12.0       5.13        3.4 1.78880952       1.78 6104.28571 6134.28571 5774.28571     6120.0 6007.14285       92.0 \n",
       "        12 16839.5833 16.3012048 20.2530120       30.0 30.6024096       19.0       12.0       5.13        3.4 1.78867469       1.78 6105.54216 6128.67469 5780.24096     6120.0 6010.12048       92.0 \n",
       "        13 16839.6041 16.4036144 20.9879518       30.0 30.9518072 19.4457831       12.0       5.13        3.4 1.78771084       1.78 6099.75903 6128.67469 5773.01204     6120.0 6001.44578 92.0481927 \n",
       "        14  16839.625 16.3475609 20.4634146 30.0121951 30.4756097       19.0       12.0       5.13        3.4 1.78902439       1.78 6102.43902 6130.24390 5787.80487     6120.0 6005.85365 92.0487804 \n",
       "       ...        ...        ...        ...        ...        ...        ...        ...        ...        ...        ...        ...        ...        ...        ...        ...        ...        ... \n"
      ]
     },
     "execution_count": 3,
     "metadata": {},
     "output_type": "execute_result"
    }
   ],
   "source": [
    "response = JSON.load(File.read(\"6358153b-064b-5b11-bfc6-2a45cb0dc42a-7d30m.json\"))\n",
    "data = response[\"result\"][\"data\"][0]\n",
    "time_idx = data[\"columns\"].index { |i| i[\"name\"] == \"time\" }\n",
    "sensor_no_idx = data[\"columns\"].index { |i| i[\"name\"] == \"sensor_no\" }\n",
    "value_idx = data[\"columns\"].index { |i| i[\"name\"] == \"mean\" }\n",
    "\n",
    "h = sensor_names.values.each_with_object({time: []}) {|name, h| h[name] = []}\n",
    "data[\"rows\"].chunk_while { |i, j|\n",
    "  i[time_idx] == j[time_idx]\n",
    "}.each do |rows|\n",
    "  h[:time].push(rows[0][time_idx] / 1000.0 / 3600.0 / 24.0) # days since epoch\n",
    "  rows.each { |row|\n",
    "    no = row[sensor_no_idx]\n",
    "    name = sensor_names[no]\n",
    "    if name =~ /_temp\\z/\n",
    "      value = row[value_idx] / 1000.0 - 273.15  # millikelvin to celsius\n",
    "    else\n",
    "      value = row[value_idx] / 1000.0\n",
    "    end\n",
    "    h[name].push(value)\n",
    "  }\n",
    "end\n",
    "df = Daru::DataFrame.new(h, order: [:time] + sensor_names.values, dtype: :nmatrix)"
   ]
  },
  {
   "cell_type": "code",
   "execution_count": 4,
   "metadata": {
    "collapsed": false,
    "scrolled": true
   },
   "outputs": [
    {
     "data": {
      "text/html": [
       "<table><tr><th colspan=\"18\">Daru::DataFrame:70139491705440  rows: 5  cols: 17<tr><th></th><th>ambient_temp</th><th>cpu1_1_8v</th><th>cpu1_temp</th><th>cpu2_1_8v</th><th>cpu2_temp</th><th>dimm_1a_temp</th><th>fan1_sys</th><th>fan2_sys</th><th>fan3_sys</th><th>fan4_sys</th><th>fan5_sys</th><th>main_12v</th><th>main_3_3v</th><th>main_5v</th><th>systemboard_temp</th><th>time</th><th>total_power</th></tr><tr><td>count</td><td>336</td><td>336</td><td>336</td><td>336</td><td>336</td><td>336</td><td>336</td><td>336</td><td>336</td><td>336</td><td>336</td><td>336</td><td>336</td><td>336</td><td>336</td><td>336</td><td>336</td></tr><tr><td>mean</td><td>18.57342679223287</td><td>1.7855751796405162</td><td>32.85246269942335</td><td>1.779999999999985</td><td>32.83955662587552</td><td>21.632263084901677</td><td>6143.9142686887435</td><td>6193.032706039083</td><td>5827.531923377075</td><td>6163.384803688228</td><td>6043.446333162844</td><td>11.99904466599672</td><td>3.399999999999995</td><td>5.1300000000000425</td><td>22.737816662123898</td><td>16842.822916666668</td><td>92.42382928769287</td></tr><tr><td>std</td><td>3.3887922388812286</td><td>0.003101598746090587</td><td>2.722765225222846</td><td>1.5121552212493516e-14</td><td>2.6107806876371553</td><td>3.3676906086024023</td><td>311.70079264333015</td><td>333.7547281917533</td><td>290.31139008852745</td><td>333.2609392343002</td><td>292.3731930455626</td><td>0.007186675210921292</td><td>4.892266892277314e-15</td><td>4.2696147423511106e-14</td><td>3.43324361815764</td><td>2.0237307407634826</td><td>1.557162061419941</td></tr><tr><td>min</td><td>10.493243243243285</td><td>1.78</td><td>30.0</td><td>1.78</td><td>30.0</td><td>13.0</td><td>6083.333333333333</td><td>6121.5</td><td>5766.153846153846</td><td>6120.0</td><td>6000.0</td><td>11.94</td><td>3.4</td><td>5.13</td><td>14.31578947368422</td><td>16839.333333333332</td><td>92.0</td></tr><tr><td>max</td><td>30.986486486486513</td><td>1.79</td><td>44.3648648648649</td><td>1.78</td><td>45.0</td><td>33.21621621621625</td><td>9360.0</td><td>9702.162162162162</td><td>8938.378378378378</td><td>9715.135135135135</td><td>9201.081081081082</td><td>12.0</td><td>3.4</td><td>5.13</td><td>34.98648648648651</td><td>16846.3125</td><td>107.89189189189189</td></tr></table>"
      ],
      "text/plain": [
       "\n",
       "#<Daru::DataFrame:70139491705440 @name = 48bb97e8-7d1d-4594-be13-a057e06472ef @size = 5>\n",
       "           ambient_te  cpu1_1_8v  cpu1_temp  cpu2_1_8v  cpu2_temp dimm_1a_te   fan1_sys   fan2_sys   fan3_sys   fan4_sys   fan5_sys   main_12v  main_3_3v    main_5v systemboar       time total_powe \n",
       "     count        336        336        336        336        336        336        336        336        336        336        336        336        336        336        336        336        336 \n",
       "      mean 18.5734267 1.78557517 32.8524626 1.77999999 32.8395566 21.6322630 6143.91426 6193.03270 5827.53192 6163.38480 6043.44633 11.9990446 3.39999999 5.13000000 22.7378166 16842.8229 92.4238292 \n",
       "       std 3.38879223 0.00310159 2.72276522 1.51215522 2.61078068 3.36769060 311.700792 333.754728 290.311390 333.260939 292.373193 0.00718667 4.89226689 4.26961474 3.43324361 2.02373074 1.55716206 \n",
       "       min 10.4932432       1.78       30.0       1.78       30.0       13.0 6083.33333     6121.5 5766.15384     6120.0     6000.0      11.94        3.4       5.13 14.3157894 16839.3333       92.0 \n",
       "       max 30.9864864       1.79 44.3648648       1.78       45.0 33.2162162     9360.0 9702.16216 8938.37837 9715.13513 9201.08108       12.0        3.4       5.13 34.9864864 16846.3125 107.891891 \n"
      ]
     },
     "execution_count": 4,
     "metadata": {},
     "output_type": "execute_result"
    }
   ],
   "source": [
    "df.describe"
   ]
  },
  {
   "cell_type": "code",
   "execution_count": 5,
   "metadata": {
    "collapsed": false
   },
   "outputs": [
    {
     "data": {
      "text/latex": [
       "$$\\left(\\begin{array}{ccccccccccccccccc}\n",
       "  1.0&0.11556339584553221&0.12401486019457411&0.24702517504153518&0.16683727016609567&0.13980834450074114&-0.023039343852868363&6.00113527416051e-13&-6.001135274160511e-13&-0.18420521035408327&-6.00113527416051e-13&0.020752697200008087&0.0422990984379249&0.025767684865026962&0.022861669775908908&0.023022696171999136&0.01951333164311044\\\\\n",
       "  0.11556339584553221&1.0&0.9950900318718721&0.9185751977823463&0.9298901571440621&0.9965801707902165&-0.423287289524894&-1.4426193090546984e-15&1.7027358329781153e-15&-0.906204496174289&1.5862991680367864e-15&0.4088898319432894&0.4392719241687862&0.41185809685608027&0.42208356000678027&0.41273484043632214&0.3569234971521401\\\\\n",
       "  0.12401486019457411&0.9950900318718721&1.0&0.9197193539301823&0.9317770222528537&0.9958379746753175&-0.41190815230410854&-2.1590444543918806e-15&2.659830609657322e-15&-0.9218420579757518&2.717855960234485e-15&0.39688634133871115&0.4296375048837063&0.4006089281897102&0.4104863067274444&0.4010879385412938&0.34622251931686693\\\\\n",
       "  0.24702517504153518&0.9185751977823463&0.9197193539301823&1.0&0.9824571914788358&0.91823366193058&-0.48747813123359096&-2.626492451594097e-15&3.4182350832825624e-15&-0.909862994503866&3.089838602685373e-15&0.4751819072523215&0.5084011441219639&0.4881007153410514&0.48664463170504&0.4788012530747587&0.41678561930605834\\\\\n",
       "  0.16683727016609567&0.9298901571440621&0.9317770222528537&0.9824571914788358&1.0&0.9265683473827716&-0.5366785028887108&3.0555187905835285e-15&-2.5958389725311397e-15&-0.8998108911353742&-2.616834728926612e-15&0.5245306016000149&0.5571193451783648&0.5361786352195155&0.535536673250612&0.5275471979364862&0.4558875321984912\\\\\n",
       "  0.13980834450074114&0.9965801707902165&0.9958379746753175&0.91823366193058&0.9265683473827716&1.0&-0.4072197079371712&5.942891266094245e-16&-6.580344249422295e-16&-0.9136173982402793&-5.709836706639569e-16&0.39230058867496775&0.4239196061004712&0.39543489916416724&0.4057751040930251&0.39636742891618837&0.3431835307212815\\\\\n",
       "  -0.023039343852868363&-0.423287289524894&-0.41190815230410854&-0.48747813123359096&-0.5366785028887108&-0.4072197079371712&1.0&-4.12570507324169e-14&4.12570507324169e-14&0.23294716790107653&4.125705073241689e-14&-0.9641200582370061&-0.959530064234137&-0.962815513572124&-0.9629582999327279&-0.9611960697382889&-0.8641024568192274\\\\\n",
       "  6.00113527416051e-13&-1.4426193090546984e-15&-2.1590444543918806e-15&-2.626492451594097e-15&3.0555187905835285e-15&5.942891266094245e-16&-4.12570507324169e-14&1.0&-1.0&-3.663809344627025e-13&-0.9999999999999998&-1.3741283872086946e-15&2.785959664434318e-15&-1.4401983224434257e-14&-3.253746459826408e-17&-7.45154856235117e-15&-1.1511714288280956e-13\\\\\n",
       "  -6.001135274160511e-13&1.7027358329781153e-15&2.659830609657322e-15&3.4182350832825624e-15&-2.5958389725311397e-15&-6.580344249422295e-16&4.12570507324169e-14&-1.0&1.0&3.663809344627025e-13&0.9999999999999999&1.516443179900044e-15&-2.705474744364522e-15&1.4328412765696944e-14&3.71222891552922e-16&7.62153411644877e-15&1.1503801097500217e-13\\\\\n",
       "  -0.18420521035408327&-0.906204496174289&-0.9218420579757518&-0.909862994503866&-0.8998108911353742&-0.9136173982402793&0.23294716790107653&-3.663809344627025e-13&3.663809344627025e-13&1.0&3.6628051829648563e-13&-0.21509613679200346&-0.2599133981920987&-0.228440504718499&-0.22917682306487405&-0.2208798144378005&-0.18299848092311663\\\\\n",
       "  -6.00113527416051e-13&1.5862991680367864e-15&2.717855960234485e-15&3.089838602685373e-15&-2.616834728926612e-15&-5.709836706639569e-16&4.125705073241689e-14&-0.9999999999999998&0.9999999999999999&3.6628051829648563e-13&1.0&1.411985982388681e-15&-2.7190698765727495e-15&1.441589836097371e-14&6.746738982875346e-16&7.544631560958625e-15&1.1512994363260193e-13\\\\\n",
       "  0.020752697200008087&0.4088898319432894&0.39688634133871115&0.4751819072523215&0.5245306016000149&0.39230058867496775&-0.9641200582370061&-1.3741283872086946e-15&1.516443179900044e-15&-0.21509613679200346&1.411985982388681e-15&1.0&0.995405344015719&0.9959409709890252&0.9992230305900716&0.9988542238798164&0.909884528728696\\\\\n",
       "  0.0422990984379249&0.4392719241687862&0.4296375048837063&0.5084011441219639&0.5571193451783648&0.4239196061004712&-0.959530064234137&2.785959664434318e-15&-2.705474744364522e-15&-0.2599133981920987&-2.7190698765727495e-15&0.995405344015719&1.0&0.9933477334083064&0.9960884794112775&0.9954587633784383&0.9075763995838937\\\\\n",
       "  0.025767684865026962&0.41185809685608027&0.4006089281897102&0.4881007153410514&0.5361786352195155&0.39543489916416724&-0.962815513572124&-1.4401983224434257e-14&1.4328412765696944e-14&-0.228440504718499&1.441589836097371e-14&0.9959409709890252&0.9933477334083064&1.0&0.9966231685068988&0.9968502601770537&0.9052810697560494\\\\\n",
       "  0.022861669775908908&0.42208356000678027&0.4104863067274444&0.48664463170504&0.535536673250612&0.4057751040930251&-0.9629582999327279&-3.253746459826408e-17&3.71222891552922e-16&-0.22917682306487405&6.746738982875346e-16&0.9992230305900716&0.9960884794112775&0.9966231685068988&1.0&0.9994942619628894&0.9097737838891574\\\\\n",
       "  0.023022696171999136&0.41273484043632214&0.4010879385412938&0.4788012530747587&0.5275471979364862&0.39636742891618837&-0.9611960697382889&-7.45154856235117e-15&7.62153411644877e-15&-0.2208798144378005&7.544631560958625e-15&0.9988542238798164&0.9954587633784383&0.9968502601770537&0.9994942619628894&1.0&0.9093589129829011\\\\\n",
       "  0.01951333164311044&0.3569234971521401&0.34622251931686693&0.41678561930605834&0.4558875321984912&0.3431835307212815&-0.8641024568192274&-1.1511714288280956e-13&1.1503801097500217e-13&-0.18299848092311663&1.1512994363260193e-13&0.909884528728696&0.9075763995838937&0.9052810697560494&0.9097737838891574&0.9093589129829011&1.0\\\\\n",
       "\\end{array}\\right)$$"
      ],
      "text/plain": [
